31,28,31,30,31,30,31,31,30,31,30,31,30,24,25,16,25,24,29,30,10,12,14,15,16,13,18,14,19,30,12
31,28,31,30,31,80,31,31,30,31,30,31,30,24,25,16,25,24,29,30,10,12,14,15,31,11,22,25
31,28,33,30,31,30,31,31,30,31,30,31,-30,24,25,16,25,24,29,30,10,12,14,15,16,13,18,14,12,10
31,28,31,1,31,30,31,31,30,31,30,41,30,24,25,16,25,24,29,30,10,12,14,15,16,13,18,14,12,10
10,28,31,30,31,30,31,31,30,31,30,31,30,24,25,16,25,24,29,30,10,12,14,15,16,13,18,14,19,30,12
31,28,31,30,31,30,31,31,30,31,-5,31,30,24,25,16,25,24,29,30,10,12,14,15,16,13,18,14,19,30
10,28,31,30,31,30,31,31,30,31,30,31,30,24,25,16,25,24,29,30,10,12,14,15,16,13,18,14,19,30,12
31,28,31,30,31,30,50,31,30,31,30,31,30,24,25,16,25,24,29,30,10,12,14,15,16,13,18,14,19,30
31,28,31,30,31,30,31,31,30,31,30,31,30,24,25,16,25,24,29,30,10,12,14,15,16,13,18,14,19,30
31,28,31,30,31,30,31,31,30,31,30,31,30,24,25,16,25,24,29,30,10,12,14,15,16,13,18,14,19,30,14
31,-28,-31,-30,-31,-30,31,-31,30,-31,30,31,-30,-24,25,16,25,-10,24,29,30,10,12,14,15,16,13,18,14,19,30
31,28,31,30,31,30,12,10,30,31,30,31,30,24,25,16,25,24,29,30,10,12,14,15,16,13,18,14,19,30,5
